0	0.e-70
1000	0.000096878185589532249132034
2000	4.93280864342439433604711e-6
3000	0.000106488610983161070184544
4000	0.0000245763035957881176289342
5000	0.000071110315659800800941953
6000	0.0000422945420588866647691344
7000	0.0000583572179896942410647654
8000	0.0000708655856283730198763649
9000	0.0000269807705270044806693825
10000	0.0000826090627951655148010825
11000	8.33837861471968564331768e-6
12000	0.0001140570550087904495235
13000	9.0607652101997760765324e-7
14000	0.00009413904900088811957387
15000	1.99350134244136947646244e-6
16000	0.00011871316203338990452994
17000	0.0000192126531696862267858146
18000	0.0000728372252755592930049367
19000	0.0000328395486685800524351153
20000	0.0000652799727889553805373149
21000	0.0000592209978677715347338639
22000	0.0000304985460159609656786086
23000	0.000073778956136681654792005
24000	0.0000129337269158903409096619
25000	0.000119136227908211104418058
26000	2.56966567072083316390627e-6
27000	0.000090670709342687943557102
28000	1.00769207157560235414581e-6
29000	0.000124273707936250688694398
30000	0.0000114351812674197590744799
31000	0.0000759423791411866936396215
32000	0.0000260953772616804523059378
33000	0.0000668455152425830884967302
34000	0.0000558684627481455837980242
35000	0.0000352510867186752853265086
36000	0.000067175477378966705268404
37000	0.0000214614117539724858323433
38000	0.00011686715768497989222416
39000	3.94421689663116775378536e-6
40000	0.000090379786848450239875797
41000	2.55733229112525336919575e-7
42000	0.000118656204058636386265509
43000	6.20920560723157323283876e-6
44000	0.0000827640073700743142308101
45000	0.0000224494170556894837219152
46000	0.0000757633321872646115107051
47000	0.0000508943725558833491976674
48000	0.0000436703747416988619340706
49000	0.0000641746185111441269422569
50000	0.000028554662568086646586039
51000	0.00010472076708148039479895
52000	6.71428443160150492749825e-6
53000	0.000092699156538157377603781
54000	1.68968365366960042178344e-7
55000	0.000120781376624953920417378
56000	4.05777152651232336157549e-6
57000	0.000090562528546932151077737
58000	0.0000184703074984095234821826
59000	0.00008694259226244805219497
60000	0.0000399204334039194482317927
61000	0.0000532796730269903228837218
62000	0.0000612819854728690862923517
63000	0.0000330791966672070043606674
64000	0.000100139646836985101382478
65000	0.0000121277160831455128366639
66000	0.000093244982715075439592129
67000	1.84272770598235890938255e-6
68000	0.000124930259823942182134179
69000	1.94985602001219236771202e-6
70000	0.000094638150754014784641087
71000	0.000012443205784982057896435
72000	0.000088809779522035853467209
73000	0.0000326131829428511263412974
74000	0.0000597523980776638103676692
75000	0.0000546172165276265429536008
76000	0.0000426134916285454331514947
77000	0.000096817879196650029404714
78000	0.0000178787997688849551021484
79000	0.000088751136325015599328527
80000	3.77940313502722080123619e-6
81000	0.000116326047297688616587206
82000	2.05189322761024254659813e-7
83000	0.000093676015973219534117928
84000	6.79944693322477282173154e-6
85000	0.000093430768042353250523154
86000	0.0000295341738662506938396097
87000	0.0000626084654887053205683688
88000	0.0000449287143782031064311884
89000	0.0000558912540031343738182453
90000	0.0000826412974094196164348595
91000	0.00002157892843026534825892
92000	0.0000807989723644544751661803
93000	5.40749697666081210871068e-6
94000	0.000110605242230261976009287
95000	2.27443036334969187596529e-7
96000	0.000091173862120425270825737
97000	3.8382565977589544369062e-6
98000	0.000107225749857682764381574
99000	0.0000230203793250357050516028
100000	0.0000658198800793818488124161
101000	0.0000366460997260365868260921
102000	0.0000628189441643321593656737
103000	0.000069983883030288182521744
104000	0.0000249901059433507773893333
105000	0.0000740845127650221317363647
106000	9.649045148062834826552e-6
107000	0.000114445955535040404433255
108000	1.00442457092071149381138e-6
109000	0.000091455259010403759125907
110000	2.34751319541688619768445e-6
111000	0.000113050123608965280845997
112000	0.0000147323073605751383330691
113000	0.0000726741416251595350319191
114000	0.0000320721692091290299466494
115000	0.0000678053446918447195866613
116000	0.0000652033593800929619740053
117000	0.0000315000501624013782612841
118000	0.000071102602478131568253281
119000	0.0000162355944202957189545174
120000	0.000109579760760580277201613
121000	2.17138777467508663503285e-6
122000	0.000094854518935321101436673
123000	7.31285508679344732377167e-7
124000	0.000112883482907049451229772
125000	0.0000102799264962707129193336
126000	0.0000815519472278621105763391
127000	0.0000285647291590673948011861
128000	0.0000804879934963324331737925
129000	0.0000560607103956653446121301
130000	0.0000406446945334142136509787
131000	0.0000693341633899933588144291
132000	0.0000204993671564999976243909
133000	0.000100292099447877034510366
134000	5.35652525766712457937756e-6
135000	0.000097352692485731747612889
136000	3.14684825148749541270647e-8
137000	0.000122650103018400227905133
138000	7.77468102452698953573569e-6
139000	0.000087753200844379149867053
140000	0.0000226893595162192290189804
141000	0.00009061394232475494068371
142000	0.0000427403581321540902170166
143000	0.0000482774464832357606869949
144000	0.0000643675737906781167422624
145000	0.0000241024807729718079238086
146000	0.000101343989770038766608445
147000	0.0000103323150080596056188668
148000	0.000095047616382113001749086
149000	9.9259205431575159963398e-7
150000	0.000129461300256170354936683
151000	4.05099159320346451849971e-6
152000	0.000088971139045728080163987
153000	0.0000152886255439978190621614
154000	0.000090836999809160294700798
155000	0.0000357691760462664044683287
156000	0.0000522366274228111936052433
157000	0.0000553626011149217824686952
158000	0.000033168528569573713775952
159000	0.000099922995697451584702315
160000	0.0000144565240674955633511677
161000	0.000088502335143293605554828
162000	2.23099296131767457259245e-6
163000	0.000122840441282579466999266
164000	9.8996108629923970389584e-7
165000	0.000087892391567192430010582
166000	9.9088842948103036088681e-6
167000	0.000095845371198771503388101
168000	0.0000317516494558294914821057
169000	0.0000553441461899603450131451
170000	0.0000461581706373132751573638
171000	0.0000435112867297988226879113
172000	0.000088123069799060823890865
173000	0.0000173400946483404249838996
174000	0.0000821522306539025377523658
175000	4.1770598093779634903471e-6
176000	0.000121143592938259671670915
177000	1.32721964590694603010901e-7
178000	0.000089065451235437975135379
179000	7.30186635550203520631784e-6
180000	0.000106430543715947995070138
181000	0.0000235086309202142807852173
182000	0.0000616179774736958572870657
183000	0.0000404529098044051409922687
184000	0.0000484701907887389498586133
185000	0.0000811390458916344757524529
186000	0.0000220506460175073703234313
187000	0.0000793706393339543139281555
188000	9.0613742643723576188883e-6
189000	0.000124164221998256623543101
190000	8.02884536809881652584925e-8
191000	0.000093705939584284574233376
192000	4.97552954792270382193881e-6
193000	0.000106622730502869375036154
194000	0.0000156191442992361312377657
195000	0.0000708948332524908556070192
196000	0.0000371766863001807637509432
197000	0.0000558272052611561796821283
198000	0.0000788483976106598189073095
199000	0.0000301078198006140823168206
200000	0.0000786862217143483206774402
201000	0.0000149161694754989855141993
202000	0.000114504984889043848305227
203000	7.42933243541763411113408e-7
204000	0.000098309016070338449391313
205000	2.00849350586694485887914e-6
206000	0.000105091179341695289785507
207000	0.00001230790529854131334831
208000	0.0000788275993986381810238252
209000	0.000032262365693215891297435
210000	0.0000706134929678008587798972
211000	0.0000679664687432882104806899
212000	0.0000384887819883956837666792
213000	0.0000755460143858254861338298
214000	0.0000182981131791977557578418
215000	0.000103324991608613150860732
216000	3.38694373496043096928481e-6
217000	0.000098509616970461630306537
218000	2.01035794436923414421179e-7
219000	0.000114656958117945927942823
220000	9.3751108437413661773251e-6
221000	0.0000820936571411028721633135
222000	0.000024489716589948341831486
223000	0.0000806847534192370827968134
224000	0.000054524382828939330625833
225000	0.0000437330410238736822987336
226000	0.000067734153685006996897374
227000	0.0000227887945257972225262825
228000	0.0001024461529618142907843
229000	6.97054635249363278594426e-6
230000	0.000093905151537035271470904
231000	7.94614508653393638088305e-8
232000	0.000119298940002619194887709
233000	4.78267500679675506259471e-6
234000	0.0000822969192204923200714062
235000	0.0000171160770474183347142919
236000	0.0000846798576698592649902635
237000	0.0000483616709300604331768781
238000	0.0000469783071703215206331372
239000	0.0000580989063689546573393226
240000	0.0000321220715638136120135571
241000	0.000096295906138046343559002
242000	9.6419105197899632837185e-6
243000	0.000088507620723655110168927
244000	4.53175970974841053219234e-7
245000	0.000115183833624379485097328
246000	1.70608540095034426187334e-6
247000	0.0000840000701074618382445388
248000	0.0000129483138279209580629525
249000	0.000096424608059632226922084
250000	0.0000419695262059579228824886
251000	0.0000524540242671360762322977
252000	0.0000511542420456551691118482
253000	0.0000399273273036925313267234
254000	0.0000832304912866139599630196
255000	0.0000127064855672983164501637
256000	0.000086303451043124136810677
257000	2.08219054916924582996425e-6
258000	0.000120523527756107543604478
259000	8.08701346586513748935654e-7
260000	0.000089350643981779665142963
261000	0.000010455946075207585575519
262000	0.000109395717088042478353717
263000	0.0000304451526589298796671672
264000	0.0000615787720723507865356914
265000	0.0000475698937317370749138312
266000	0.0000427756092886515689673857
267000	0.000078888458397198879512637
268000	0.0000187579278423705753035349
269000	0.000086806931974962946432709
270000	6.13525907957624927258669e-6
271000	0.000127273485188803065520697
272000	1.76224759478205218457795e-7
273000	0.000095545196275521625115052
274000	6.90433751404672876256476e-6
275000	0.000110038610113900564723617
276000	0.0000215955400876804194279001
277000	0.0000707946368553482884310729
278000	0.0000435576838379584428343657
279000	0.0000497082203530787529629763
280000	0.0000770003179191539484825351
281000	0.0000267983023904575174084442
282000	0.00008562713247579275977291
283000	0.0000102659954052031925787032
284000	0.000120400998418826724561836
285000	2.608203242431677566817e-7
286000	0.000097935366008794204748675
287000	2.94763736518699327871515e-6
288000	0.000111628535377604868463919
289000	0.0000176543149637884347415822
290000	0.000075926676891449051968231
291000	0.0000361085949169814087604562
292000	0.0000615781661548739079587592
293000	0.0000662646045549877230488124
294000	0.0000330890602690254663755802
295000	0.0000795416099795223612261733
296000	0.0000133347332178169594990141
297000	0.000115379796659620436002741
298000	2.10973847215907601719177e-6
299000	0.000095185446254639051948116
300000	8.6624113354819242878944e-7
301000	0.000121098899742653814093563
302000	0.0000127269432059866378706409
303000	0.0000772930145374616707728058
304000	0.0000271185693047148855249209
305000	0.0000671227065398339753453974
306000	0.0000569354585593727978423872
307000	0.000036780213649935096570654
308000	0.0000703170797334273501930012
309000	0.0000196343352738424970774394
310000	0.000117474072971656491964273
311000	4.32602211454557745488907e-6
312000	0.000090736593033706462830069
313000	3.5308887934246504191395e-7
314000	0.000120619073210813131524266
315000	6.53310227601654344978019e-6
316000	0.0000792416405952396664442299
317000	0.0000206455579850829820300417
318000	0.0000704257196300686776808216
319000	0.0000543430712432654550901306
320000	0.0000413926807714361961317352
321000	0.0000627189319048861036111272
322000	0.0000296847117832752193391164
323000	0.000108823903213818682201664
324000	6.09825276710603897761169e-6
325000	0.000088967353809234930751965
326000	4.02488261742391736793518e-8
327000	0.000113783517552239937376076
328000	3.05454618181940170357005e-6
329000	0.0000848334578080711849384397
330000	0.0000172283902235185897040455
331000	0.0000829650310545838462585668
332000	0.0000475853961052612240891204
333000	0.0000497241467800399953874623
334000	0.0000588764409360679961843309
335000	0.0000366776699068377424431679
336000	0.00009453341156612993312269
337000	9.5229261221899380901006e-6
338000	0.000090331758059062599678249
339000	8.6256771227814965471184e-7
340000	0.000117918878144751459362897
341000	1.75538950659145757129976e-6
342000	0.000092153395636627028097678
343000	0.0000136885899301093574733472
344000	0.000094394759866239045785973
345000	0.0000360740999055503919924409
346000	0.0000595988551820036628824455
347000	0.0000558355344423016581486038
348000	0.0000412103419573882316186045
349000	0.000089620122123354965702001
350000	0.0000157558459720411716800977
351000	0.000090869732769988258050625
352000	3.42831830055496454331213e-6
353000	0.000120439148161370987414535
354000	4.67158641614685272340325e-7
355000	0.000096445004469515203601577
356000	8.49511091087333438137217e-6
357000	0.000096737066031632120132544
358000	0.000029222766359577471221873
359000	0.0000664651330838329587349844
360000	0.0000494827711638228337220436
361000	0.0000515958019913276579769665
362000	0.0000833345916603482629880932
363000	0.000022168127851766080150499
364000	0.000086695708244866664490326
365000	5.69675846984719523552581e-6
366000	0.000112342070347987317575367
367000	8.7108644085443551579726e-8
368000	0.000095471207144399033553825
369000	3.93482154937671771607034e-6
370000	0.000105187230605196568777017
371000	0.000025393536694342446323244
372000	0.0000692185048011693468446988
373000	0.0000399862161819567733238431
374000	0.0000636390128620696726371226
375000	0.0000686151701732841788492885
376000	0.0000262354692788115208990734
377000	0.0000784839341074640366261367
378000	7.96983567667570938255114e-6
379000	0.000111816696664739808085265
380000	1.25448847389717967797041e-6
381000	0.000091978512554268948658164
382000	1.85164646549241881202006e-6
383000	0.000119060878854869267656157
384000	0.0000182130739654764132461532
385000	0.0000715548448232427684604051
386000	0.0000315637816940217311024587
387000	0.000067680669339617567037259
388000	0.000059073575487453219996877
389000	0.0000297898463285257233427371
390000	0.0000707719056519445316130931
391000	0.0000137465842378455139239797
392000	0.000116799140434909082644603
393000	2.56062560044338472746367e-6
394000	0.000090585180624497468081876
395000	9.1257443019020927940556e-7
396000	0.000120683342046103427651807
397000	0.000010591941770984122970915
398000	0.0000772879220863648138444771
399000	0.0000267865963699890194732365
400000	0.0000718511469520970522714224
401000	0.0000555754579993886765779826
402000	0.0000364144546730605074025688
403000	0.0000667573253488286255244054
404000	0.0000214074323212732422144048
405000	0.000109941107857598028980588
406000	4.2146751654596952860348e-6
407000	0.000092647654447693224702109
408000	5.73071589430378654952362e-8
409000	0.000119323102647758706424322
410000	6.83179314325873198811598e-6
411000	0.000085590472446289668480014
412000	0.0000233455360236835483698469
413000	0.0000836491715931430842085583
414000	0.0000465222038549532224236146
415000	0.0000458588112246171741839096
416000	0.0000646256176306298513845846
417000	0.000026047241792652198750159
418000	0.000101955811507268787443141
419000	8.19563179819716701256785e-6
420000	0.000094772433228369029210529
421000	5.64699841980331771047145e-7
422000	0.000127162405959020443491214
423000	4.58248772283656135011981e-6
424000	0.000091878804811260331913297
425000	0.0000179130025167137647455555
426000	0.000090144204976215285847465
427000	0.0000356261724858384260660383
428000	0.0000539328286924340800099969
429000	0.0000598993103804727707431269
430000	0.0000314266009456546183692679
431000	0.000102706440805459410304791
432000	0.0000139463999782231085352841
433000	0.000092627441578171101222025
434000	2.46959407841997731936235e-6
435000	0.000127046716331376614849061
436000	1.73901104244902195486196e-6
437000	0.000093076471513828223740879
438000	0.0000112065143798186963676596
439000	0.000089283945050490985414888
440000	0.0000310555284310500577729245
441000	0.0000580656545017635349014191
442000	0.0000511173614918042145060294
443000	0.0000431618636429517093772805
444000	0.00009652624716311140926376
445000	0.0000184967264322053201338755
446000	0.000085810074518054959621761
447000	4.03941990347913595920497e-6
448000	0.000116657599609401937466043
449000	9.2285491899830010829522e-8
450000	0.000091076932304061336218304
451000	6.48227310901780128179738e-6
452000	0.000096961139362940504398291
453000	0.0000272060745371095034293565
454000	0.0000607273004429667316852833
455000	0.0000417412443402069330410816
456000	0.0000541702207578914586618903
457000	0.0000820014126620398428116872
458000	0.0000215135609023096065744256
459000	0.0000783529202190222192734968
460000	6.50701777480603442007685e-6
461000	0.000115344412543786786763436
462000	1.95809238352498843371083e-7
463000	0.000090536739714076734709913
464000	4.29992459538760529103956e-6
465000	0.00010750572539164503327869
466000	0.0000192312429465285693774482
467000	0.0000661814161356592001266451
468000	0.0000356974874576475500578594
469000	0.000059267971529262960756009
470000	0.0000744434573012878752766667
471000	0.0000262913270653773845621563
472000	0.0000742043950889839276335981
473000	0.000012202280281706037968968
474000	0.000115607249533620807489975
475000	7.57450048250654366572476e-7
476000	0.000093629369221624326659877
477000	2.4620112413139065596912e-6
478000	0.000107330815317513602202557
479000	0.0000126429739525760482600007
480000	0.0000749426506001415724385271
481000	0.0000323331733209722215144132
482000	0.0000687364611752777064703279
483000	0.0000693046461560435304174434
484000	0.0000345420107219699373558768
485000	0.0000727706531696649391820254
486000	0.0000180411367851127668731347
487000	0.000104422975077689502492639
488000	2.41067244022452017035072e-6
489000	0.000097620097128383944874314
490000	5.3347231137705897695696e-7
491000	0.000110390896288220068754447
492000	9.9326960593661369310397e-6
493000	0.0000829763505804690015031058
494000	0.0000277083721283957372378092
495000	0.0000838929450953629702077222
496000	0.0000561903793743744075493496
497000	0.0000432739079093681571637948
498000	0.0000697024463602364018238487
499000	0.0000209889616443293191896712
500000	0.000097480328220820727939388
501000	6.3064402606583210866194e-6
502000	0.000097890390856992276752462
503000	8.34420121278038793297855e-8
504000	0.000122482222957418908717785
505000	6.93124938171474983877804e-6
506000	0.000086440063754880640584246
507000	0.0000204387097638923809348595
508000	0.000090759526942771259430785
509000	0.0000438146516640424736794715
510000	0.0000487619364914947745543627
511000	0.0000621861118575127222234772
512000	0.0000261434290732403573740468
513000	0.000099012254588918990247412
514000	0.000010782847255213080589027
515000	0.000093050749364874228145419
516000	8.9830410359210896179936e-7
517000	0.000124460426471282675894978
518000	2.89728992115526699609159e-6
519000	0.000086136406113266439648976
520000	0.0000135658303586268179383305
521000	0.000093016863075627218391365
522000	0.0000385222714290085824827993
523000	0.0000517762564995646099028229
524000	0.000052444459062240411569672
525000	0.0000361094333303887926075611
526000	0.000092088363608014324797507
527000	0.0000138873671023669241141987
528000	0.000086505376736464026646855
529000	1.9679621734048919875004e-6
530000	0.000120193110433125395692228
531000	7.01757027289155400319572e-7
532000	0.000086508743812391206878209
533000	9.7544035719672189203732e-6
534000	0.00010382871627137449801858
535000	0.0000318853509366662500811394
536000	0.0000565725796025542520015429
537000	0.0000450330173242587692618867
538000	0.0000431385163870447892612486
539000	0.0000813250289275615325141793
540000	0.000017295558891705489690553
541000	0.000082685084091697509477297
542000	4.92705181044447827282401e-6
543000	0.000125605319242610242009646
544000	2.42160944952120123256899e-7
545000	0.000090495391613947507233094
546000	7.53232668443620740669509e-6
547000	0.000111777489993200903069624
548000	0.0000217389045468413060836686
549000	0.0000651276885889373939479965
550000	0.0000411483488776759111109604
551000	0.0000464790302080008892349299
552000	0.0000794135492927953421817734
553000	0.0000238498647286309917678002
554000	0.0000820988792630891795460093
555000	0.0000105267246741997823007687
556000	0.00012644203298187983879741
557000	6.90662980653119727863482e-8
558000	0.000096153819030074243392607
559000	4.48182458620718622463718e-6
560000	0.000108207086009406929734233
561000	0.0000152258996447312880420355
562000	0.0000743527584797258071630276
563000	0.0000373374181585518804215144
564000	0.0000562583882574009603002291
565000	0.0000756329303746928153927605
566000	0.0000324998533460924474809976
567000	0.0000807893495840451559453971
568000	0.0000152749549916875887871149
569000	0.000114571005938112968231188
570000	1.13283711427114594984915e-6
571000	0.00009878081153041546076982
572000	1.40546852877941346405338e-6
573000	0.000110411695895648917150191
574000	0.0000123585673349253123256788
575000	0.00007978391002537252883159
576000	0.0000304527795775065307220405
577000	0.0000693614736400926573854732
578000	0.0000631190704619572818325562
579000	0.0000392643248599774406026856
580000	0.0000749712844051540714857415
581000	0.0000186911958694247077561884
582000	0.000108713588002440037113812
583000	4.00532679705858271655659e-6
584000	0.000096110855448154202698559
585000	1.58470734354966514509075e-7
586000	0.000118679207233553922478571
587000	8.12760602197036190199465e-6
588000	0.0000809446728879759616216801
589000	0.0000220722342282417443376975
590000	0.000074862760425446984650009
591000	0.0000541054983750989726928802
592000	0.0000430137550408155284826268
593000	0.0000655658841257644879633621
594000	0.0000260447645870393975953146
595000	0.000107319509019668254999994
596000	6.83627728024785007172099e-6
597000	0.000090822833528025222834691
598000	9.6656202657206862547374e-8
599000	0.000115851124867503322449304
600000	3.48338523778745107973998e-6
601000	0.000081831697109958486030859
602000	0.0000160761924210048562729838
603000	0.0000812796145690160329134695
604000	0.0000502445821652451990454666
605000	0.0000472478064371367025391588
606000	0.0000571835401193386359539203
607000	0.0000363258560056918675769051
608000	0.000094976103029512220214079
609000	9.0894146313909433854862e-6
610000	0.000087568400680361856335406
611000	4.0635347054619204242257e-7
612000	0.000112598041979066112412676
613000	1.40028132658276175099432e-6
614000	0.000086117623024764845606331
615000	0.000013027068495433528883083
616000	0.000096648297103107422743086
617000	0.000041284141099928701121476
618000	0.0000551767475553405582123599
619000	0.0000525743136952527127128298
620000	0.0000419395874451579604356036
621000	0.00008255652087938558873772
622000	0.0000132276675894555659632991
623000	0.00008780288355523059640633
624000	2.50118439237949186187707e-6
625000	0.000120557069177220649888823
626000	6.75130641910600409096972e-7
627000	0.000092806076360443954999419
628000	9.9529859674865311051325e-6
629000	0.000106113783700972395077053
630000	0.0000296107185796628087834518
631000	0.0000650836849777459144620749
632000	0.0000493680368927533524309102
633000	0.0000458430481747777060767163
634000	0.0000797431838024133064673384
635000	0.0000203267076109276286567734
636000	0.000088165341756078730400649
637000	6.22961138473128127206666e-6
638000	0.000121833985054683684474639
639000	2.00369762989299499598328e-8
640000	0.000097302006116609352242822
641000	5.5711737273999897309213e-6
642000	0.000107048228341179779736842
643000	0.0000232819154976167793862685
644000	0.0000722892904859171202139674
645000	0.000043376857596166151174943
646000	0.0000562553298917044864926652
647000	0.0000728387113717562325123699
648000	0.0000274654600886632537871221
649000	0.0000843231861792580427481555
650000	9.0855960508224280982501e-6
651000	0.000114597465939007414528213
652000	7.07933499811407959921768e-7
653000	0.000096542552673914632670316
654000	2.06276082034797852777461e-6
655000	0.000115912689194512513000637
656000	0.0000191280972275549421292692
657000	0.0000749927920506339237661554
658000	0.0000342774923621388062208495
659000	0.0000661276867484134915252567
660000	0.0000600489742188898705825928
661000	0.000031933960899765742555538
662000	0.0000760189934256482267096194
663000	0.0000125663161711067572131647
664000	0.000116559138154744246142734
665000	2.7169070052800366151733e-6
666000	0.000092390419295741632109451
667000	7.81960761081256554552623e-7
668000	0.000125252205905852846573627
669000	0.0000123175325226311801791765
670000	0.0000764346670502923042784146
671000	0.0000260070705048407390543683
672000	0.0000680638881762553797095894
673000	0.0000541629387262297670671412
674000	0.0000355678857427074118380598
675000	0.0000674578460830155027762191
676000	0.0000204678242679691962338996
677000	0.000118221289019623115055002
678000	4.41357575068560238850241e-6
679000	0.000089527018337248594245548
680000	2.90088520557527990323779e-7
681000	0.000120786702725987967479478
682000	6.19562714530275195214669e-6
683000	0.0000808569034802010850615355
684000	0.0000212608585432073094313563
685000	0.0000735451841507446635653595
686000	0.0000512620462937288244605962
687000	0.000042178347409732995481239
688000	0.0000624259235135844854390092
689000	0.0000293493982376712058402962
690000	0.000106830494429317541337646
691000	6.49737582008182042519849e-6
692000	0.000090252473327858052263014
693000	9.1024868479437259605263e-8
694000	0.000118209091162817335931248
695000	3.54332698903576467481185e-6
696000	0.000088333859203781914630144
697000	0.0000180147322801508994662056
698000	0.000086071228776710536602244
699000	0.0000418099423647108086431069
700000	0.0000518334561399861678273178
701000	0.0000598520644660136976535253
702000	0.0000343714118029568909924975
703000	0.000097902507347102860082586
704000	0.0000111778587346515534376346
705000	0.000091950293093631989516612
706000	1.58657619599122228774745e-6
707000	0.000123744958517770164608782
708000	1.93866102872029260784928e-6
709000	0.000094597985964679505688194
710000	0.0000131537671028498845709636
711000	0.000091230869678829429162672
712000	0.0000322917464415805825204066
713000	0.0000603500433257274790561191
714000	0.0000553120668678537038514203
715000	0.000041437811749134115601556
716000	0.000095718895268577006697669
717000	0.0000176218119579883420721562
718000	0.000090046754575036233403125
719000	4.06978482284290785321377e-6
720000	0.000119018627868297729577783
721000	3.24326950110442380423732e-7
722000	0.000095894742441265108372011
723000	7.37396263565945748988193e-6
724000	0.000092898100344232283275702
725000	0.0000284805284796144009657566
726000	0.0000646848148216818376281923
727000	0.0000467853596880847898310033
728000	0.0000547824884545793580173984
729000	0.000084812113066925308687022
730000	0.0000225998189507310861906031
731000	0.0000832123481029260978565151
732000	5.78397952708451792408691e-6
733000	0.000109864490963602410546952
734000	2.07974121698566861553844e-7
735000	0.00009318825939926125840237
736000	3.58171814484412480804896e-6
737000	0.000105042572851098372083695
738000	0.0000238131127937838145415678
739000	0.0000668519408474133881693944
740000	0.0000373217298972226629406137
741000	0.0000646405366502322408197429
742000	0.0000696545409367006397258431
743000	0.0000257766207476986942272767
744000	0.0000749365657128855582616364
745000	8.935802625632256559152e-6
746000	0.000112190017175797441189939
747000	1.24452220574837043083669e-6
748000	0.000091016436263046395972542
749000	2.01853194524913193042082e-6
750000	0.000115227255913737943844095
751000	0.0000156952316915771809063015
752000	0.0000713084682651383111632533
753000	0.0000309891265468139112348565
754000	0.0000683713449876741555230512
755000	0.0000630211370495435473697739
756000	0.0000305982235767414721080425
757000	0.0000695948518181836771535212
758000	0.0000155602623619415534083862
759000	0.00011183953023510097986528
760000	2.34815405176338769052165e-6
761000	0.000092421195629679216374601
762000	7.89892398066301890632998e-7
763000	0.000114481123014349631269492
764000	9.8169998553610573185788e-6
765000	0.0000793146747606617073109491
766000	0.0000275130664063528149176422
767000	0.0000779743797167877245812157
768000	0.0000567826160496066802511573
769000	0.0000389916632245587212951602
770000	0.00006743266065866685129181
771000	0.0000214212390739879232825276
772000	0.000101757729498173389764508
773000	4.82494116010453981948237e-6
774000	0.000095576034039859134254225
775000	1.41292634830360383162324e-8
776000	0.000119987922036897241357611
777000	7.28168228395746521971999e-6
778000	0.000087280443908522193246437
779000	0.000023130127349324233795302
780000	0.000090610158880284552154351
781000	0.0000441052731517833061167002
782000	0.000048069365172504847818098
783000	0.0000644068183206605407527892
784000	0.0000246201385832806997732243
785000	0.000099097445133672662078656
786000	9.7441052519365071473467e-6
787000	0.000095838109917880303999086
788000	9.6023166391800782562892e-7
789000	0.000129710778131782736359541
790000	4.38509798083354645545294e-6
791000	0.000090915939862029658760967
792000	0.0000163738070393466506223112
793000	0.000092902841604045205479968
794000	0.0000346481549057128769308371
795000	0.0000538603171851368795752615
796000	0.0000572215843951656766295581
797000	0.0000317250326979009953508947
798000	0.000100472687422192125913936
799000	0.0000149397979262799498077952
800000	0.00009091655334233414150985
801000	2.6090388344861017630998e-6
802000	0.000125584175099214183233413
803000	1.2460006079120221650883e-6
804000	0.000090143599044823599765077
805000	0.0000100694282755219594772478
806000	0.000094054328970438900218609
807000	0.0000309403901545807527890581
808000	0.0000566975898812230384912676
809000	0.0000475117082891179374021132
810000	0.0000432791489620562867195458
811000	0.00009078458447508610779766
812000	0.0000183392929299292456271126
813000	0.0000834644947763034446747232
814000	4.21940910353176908667319e-6
815000	0.000119297904803148181584438
816000	6.17304934097326459148025e-8
817000	0.000089119182685145193108016
818000	6.65969484050428543827585e-6
819000	0.000104339536379743244903912
820000	0.0000246671606080544185465073
821000	0.0000607852098433063952438634
822000	0.0000398000787893803303052006
823000	0.0000504072938982580639919853
824000	0.0000801043443420718431337249
825000	0.0000218720033237948264752447
826000	0.0000781449965695012574489263
827000	8.22914841254586357412223e-6
828000	0.000122170770083977275409771
829000	1.56856232599765517601079e-7
830000	0.00009148477391936028407901
831000	4.7304074269000459824851e-6
832000	0.000108797976119437716783847
833000	0.0000161606862093727820750723
834000	0.0000686488013536264193985704
835000	0.0000357071556263687256648917
836000	0.0000556097238777996606682847
837000	0.0000772793568590821490220664
838000	0.0000286346651167111147271023
839000	0.0000763915400515626890435115
840000	0.0000147263966382852316552197
841000	0.000116878871900338178531791
842000	6.76545786412184886697913e-7
843000	0.000096258727553827121466601
844000	2.29384634289840406780033e-6
845000	0.00010537541498237555206836
846000	0.0000115350222519180645536293
847000	0.0000777639713624491995606562
848000	0.0000320837673083039864203542
849000	0.0000687844941571318670463645
850000	0.0000697285374401011403104577
851000	0.0000376597828977224708521825
852000	0.0000748230518191320911424368
853000	0.0000193039098144083724992507
854000	0.000103428083948328012106427
855000	2.9269894844821860870019e-6
856000	0.000098899053518606587363551
857000	3.17421273079579560090182e-7
858000	0.000111887614782359812797873
859000	9.2331602648333873133937e-6
860000	0.0000834927931499021080446909
861000	0.0000257136785090318479559613
862000	0.0000821710458517333157403603
863000	0.0000554061958732627209991939
864000	0.000044796338845027842203687
865000	0.0000692894392432214464408551
866000	0.0000225911046703545726058628
867000	0.000099767269472388417755744
868000	6.93056279101132063721646e-6
869000	0.000096315195592141328333572
870000	9.0588167424271089599085e-8
871000	0.000120607544919253528369855
872000	5.39826922796338396217083e-6
873000	0.000084562755082707637538296
874000	0.0000179399765651265811405555
875000	0.000086558289827867141500764
876000	0.0000465663855374388010925762
877000	0.0000485510997329501846000004
878000	0.0000599236945567105560831668
879000	0.000030469025049268621502033
880000	0.000097417433193290574310868
881000	0.0000104201982009038757910823
882000	0.0000902946445388569582458
883000	6.32268723519809064440133e-7
884000	0.000117511692486057650341943
885000	1.83715782629795950405873e-6
886000	0.0000844775850666804764122089
887000	0.0000124572761641870021520237
888000	0.000094291778698337563665371
889000	0.0000415876671317293068445338
890000	0.0000522673643514468308529729
891000	0.0000510474971573090117156685
892000	0.0000400892901075843872138703
893000	0.000085215082042949360333536
894000	0.0000131213951007749482435604
895000	0.000085541903755076419356553
896000	1.86881222742859767458167e-6
897000	0.000118273935562110787152814
898000	6.09185422978612140913603e-7
899000	0.000087381557796316289655355
900000	9.7736569188506596773323e-6
901000	0.000108621324809717159178899
902000	0.0000318286794231483862670925
903000	0.0000595438470381843429857912
904000	0.0000458635576535198834432172
905000	0.0000441430998433851936414878
906000	0.0000771985398309876273208535
907000	0.0000178584465745395773718702
908000	0.0000844425185743377712230042
909000	5.62516105159619861819408e-6
910000	0.000126735208914697170394599
911000	2.18477677694648693366733e-7
912000	0.000093248575327107317082186
913000	7.10358489068977843348945e-6
914000	0.000112707891004591644154638
915000	0.0000215098117874230295696169
916000	0.0000692517772414903599728538
917000	0.0000425564259045291999479299
918000	0.0000484676250244059043643275
919000	0.0000764868815124026499682228
920000	0.0000257136504084636297239942
921000	0.0000843917564513467465767634
922000	0.0000106997622702843619265183
923000	0.000123425053570704539320393
924000	1.61669339540589941656321e-7
925000	0.000097838789787026829116939
926000	3.45165645204394273176577e-6
927000	0.000110809753827843371679402
928000	0.0000165452858112474021034885
929000	0.0000767392147598392987903465
930000	0.0000369844301802185076934507
931000	0.0000599378522109299243063899
932000	0.0000687083017597925323349753
933000	0.0000335373127513876448976743
934000	0.0000808145451909908620493139
935000	0.0000141915958252906489307425
936000	0.000114548541491643125487232
937000	1.82192455924773340202628e-6
938000	0.000097410635201358012189017
939000	8.7904069018526920666679e-7
940000	0.000118327609672745282880293
941000	0.0000128418955375783485918735
942000	0.0000795014146530084233546289
943000	0.0000284673285421066141860989
944000	0.000068763419397335083468071
945000	0.0000571595542640699349574976
946000	0.0000383613712793832575317255
947000	0.0000725503925378164864328194
948000	0.0000189451248266592524406053
949000	0.000114997528818390250972905
950000	4.56679311653696793759621e-6
951000	0.000092851513917810895173574
952000	2.35713756782332032156448e-7
953000	0.000122359849200020180221896
954000	7.20854718760753005461721e-6
955000	0.0000801577952997231009424015
956000	0.0000206495799095370231436723
957000	0.0000712116437428690727090341
958000	0.0000527509923398425806534799
959000	0.0000419164353524645900391298
960000	0.0000633169697617440835368145
961000	0.0000286216251480252781275389
962000	0.000110629628719695121904096
963000	6.66919484616929669353418e-6
964000	0.000088688586302164995357261
965000	1.0447622015801219890548e-7
966000	0.000114934688120434922142009
967000	2.95749988967033412901421e-6
968000	0.0000832174909290881518645008
969000	0.000016209027385632244291195
970000	0.0000806832149806541763771543
971000	0.0000484461681525205059637208
972000	0.0000482535899647532647209132
973000	0.0000573272958363484158879376
974000	0.0000377632222564666578719337
975000	0.000095542152556661620481812
976000	9.2599895437293164449365e-6
977000	0.000088060066976143109421745
978000	6.39230770961386369363526e-7
979000	0.000115022985658688388637902
980000	1.45719539960209394293643e-6
981000	0.000089686375381553138225932
982000	0.0000133086356180641172067092
983000	0.000094873774767900316520893
984000	0.0000376640657280108774920876
985000	0.000057891919318417137745524
986000	0.0000542538855404422240430978
987000	0.000042196220736625579790728
988000	0.000086990182736089101459656
989000	0.0000146937822874095327686571
990000	0.000089228559599127209530718
991000	3.1759307768214692334384e-6
992000	0.000120755015615235437348137
993000	5.11613852283466853268002e-7
994000	0.000095829005407015337078689
995000	9.106095970523522355552e-6
996000	0.000099388738473206145020594
997000	0.0000285117185293307556251893
998000	0.000066762504548331060131718
999000	0.0000498594103283572419203118
1000000	0.0000498092264668714347710605